[gd_scene load_steps=5 format=3 uid="uid://dhwu4amdntksq"]

[ext_resource type="PackedScene" uid="uid://ehhick0bwnou" path="res://puck.tscn" id="1_cs417"]

[sub_resource type="GDScript" id="GDScript_ge7ui"]
script/source = "extends Node3D


# Called when the node enters the scene tree for the first time.
func _ready():
	# Instanciate player 1
	var player1 = preload(\"res://player.tscn\").instantiate()
	player1.player_id = 1
	player1.position.x -= 20
	player1.init_controls()
	add_child(player1)
	
	# Instanciate player 2
	var player2 = preload(\"res://player.tscn\").instantiate()
	player2.player_id = 2
	player2.position.x += 20
	player2.init_controls()
	add_child(player2)


# Called every frame. 'delta' is the elapsed time since the previous frame.
func _process(delta):
	pass
"

[sub_resource type="BoxMesh" id="BoxMesh_aiyx5"]

[sub_resource type="BoxShape3D" id="BoxShape3D_u0ufp"]
size = Vector3(48.9912, 7.83569, 24.3516)

[node name="Node3D" type="Node3D"]
transform = Transform3D(0.999954, -0.00806205, 0.0051201, 0.00809159, 0.999951, -0.00577206, -0.00507329, 0.00581324, 0.99997, 0, 0, 0)
script = SubResource("GDScript_ge7ui")

[node name="DirectionalLight3D" type="DirectionalLight3D" parent="."]
transform = Transform3D(0.999909, -0.00294158, 0.0131819, -0.0131818, 6.49527e-05, 0.999913, -0.0029422, -0.999996, 2.61602e-05, 0.0339886, 4.20028, -0.0242455)

[node name="CameraPivot" type="Marker3D" parent="."]
transform = Transform3D(1, -1.17295e-09, -8.38664e-09, 3.20739e-10, 0.441506, 0.897258, 4.33187e-11, -0.897259, 0.441506, 0.249455, 34.3054, 16.7943)

[node name="Camera3D" type="Camera3D" parent="CameraPivot"]
transform = Transform3D(1, 1.02554e-08, -2.12148e-08, -9.69032e-10, 0.999999, 7.22445e-08, -5.96659e-10, -1.52379e-08, 1, 0, 0, 0)
fov = 44.9

[node name="RigidBody3D" parent="." instance=ExtResource("1_cs417")]
transform = Transform3D(-0.00507336, 0.00809157, -0.999955, 0.00581323, 0.99995, 0.00806207, 0.99997, -0.00577207, -0.00512012, 0, 0, 0)

[node name="StaticBody3D" type="StaticBody3D" parent="."]
transform = Transform3D(-0.999955, 0.0080916, 0.00507338, 0.00806207, 0.99995, -0.00581323, -0.00512019, -0.00577207, -0.999971, 0, 0, 0)

[node name="MeshInstance3D" type="MeshInstance3D" parent="StaticBody3D"]
transform = Transform3D(-48.9703, -7.52237e-10, -4.06587e-09, -1.57067e-08, 0.381615, 1.94608e-08, -2.12192e-09, -7.23415e-10, 24.2795, -4.02177e-11, -0.232904, 1.55575e-10)
mesh = SubResource("BoxMesh_aiyx5")

[node name="CollisionShape3D" type="CollisionShape3D" parent="StaticBody3D"]
transform = Transform3D(1, 2.00249e-16, 1.49252e-15, -1.49766e-17, 1, -5.53737e-17, 1.96048e-15, 1.80817e-16, 1, -9.42183e-16, -3.95789, -6.40844e-16)
shape = SubResource("BoxShape3D_u0ufp")
