[gd_scene load_steps=3 format=3 uid="uid://dhwu4amdntksq"]

[ext_resource type="PackedScene" uid="uid://l2emvx15ht8h" path="res://Model/Bonhomme.blend" id="2_8tqli"]
[ext_resource type="PackedScene" uid="uid://cde3u6v6m6sig" path="res://Model/export/Potos.glb" id="3_xwlfx"]

[node name="Node3D" type="Node3D"]
transform = Transform3D(0.999954, -0.00806205, 0.0051201, 0.00809159, 0.999951, -0.00577206, -0.00507329, 0.00581324, 0.99997, 0, 0, 0)

[node name="Potos" parent="." instance=ExtResource("3_xwlfx")]
transform = Transform3D(1, -1.14233e-09, 0, 1.27329e-11, 1, 4.65661e-10, 0, -9.31323e-10, 1, 0, 0, 0)
visible = false

[node name="Camera3D" type="Camera3D" parent="."]
transform = Transform3D(0.999991, 0.00142748, 0.00404237, -0.00305188, 0.899259, 0.437405, -0.00301077, -0.437414, 0.899256, 0.0145587, 47.5325, 91.726)
fov = 37.5

[node name="Bonhomme" parent="." instance=ExtResource("2_8tqli")]
transform = Transform3D(1, -1.14233e-09, 0, 1.27329e-11, 1, 4.65661e-10, 0, -9.31323e-10, 1, 0, 0, 0)

[node name="Light" parent="Bonhomme" index="0"]
transform = Transform3D(-0.290865, -0.771101, 0.566393, -0.055189, 0.604525, 0.794672, -0.955171, 0.199883, -0.218391, 0, 0, 0)
visible = false

[editable path="Bonhomme"]
