[gd_scene load_steps=4 format=3 uid="uid://dhwu4amdntksq"]

[sub_resource type="GDScript" id="GDScript_ge7ui"]
script/source = "extends Node3D


# Called when the node enters the scene tree for the first time.
func _ready():
	# Instanciate player 1
	var player1 = preload(\"res://player.tscn\").instantiate()
	player1.player_id = 1
	player1.position.x -= 20
	player1.init_controls()
	add_child(player1)
	
	# Instanciate player 2
	var player2 = preload(\"res://player.tscn\").instantiate()
	player2.player_id = 2
	player2.position.x += 20
	player2.init_controls()
	add_child(player2)


# Called every frame. 'delta' is the elapsed time since the previous frame.
func _process(delta):
	pass
"

[sub_resource type="BoxShape3D" id="BoxShape3D_feauj"]
size = Vector3(24.6621, 0.351074, 51.3679)

[sub_resource type="BoxMesh" id="BoxMesh_4s487"]

[node name="Node3D" type="Node3D"]
transform = Transform3D(0.999954, -0.00806205, 0.0051201, 0.00809159, 0.999951, -0.00577206, -0.00507329, 0.00581324, 0.99997, 0, 0, 0)
script = SubResource("GDScript_ge7ui")

[node name="Ground" type="StaticBody3D" parent="."]
transform = Transform3D(1, -1.40081e-08, -1.09879e-09, 3.20739e-10, 1, 8.25211e-09, 4.33187e-11, -1.53995e-08, 1, -0.00178946, -0.221147, 0.00127653)

[node name="CollisionShape" type="CollisionShape3D" parent="Ground"]
transform = Transform3D(1.98838, -4.87961e-07, -9.41235e-08, 3.8999e-07, 0.989195, 8.93042e-08, 4.11838e-08, -4.10158e-08, 0.505807, -0.0196074, -0.0736584, -0.0359967)
shape = SubResource("BoxShape3D_feauj")

[node name="MeshInstance3D" type="MeshInstance3D" parent="Ground"]
transform = Transform3D(48.9513, -2.31828e-09, -1.79817e-07, 5.55075e-07, 0.144319, 4.27163e-08, 1.14958e-07, -1.17066e-09, 25.9698, -0.00130299, -0.161023, 0.000929483)
mesh = SubResource("BoxMesh_4s487")

[node name="DirectionalLight3D" type="DirectionalLight3D" parent="."]
transform = Transform3D(0.999909, -0.00294158, 0.0131819, -0.0131818, 6.49527e-05, 0.999913, -0.0029422, -0.999996, 2.61602e-05, 0.0339886, 4.20028, -0.0242455)

[node name="CameraPivot" type="Marker3D" parent="."]
transform = Transform3D(1, -4.95734e-10, -1.09933e-09, 3.20739e-10, 0.441506, 0.897258, 4.33187e-11, -0.897259, 0.441506, 0.189369, 34.1881, 16.8484)

[node name="Camera3D" type="Camera3D" parent="CameraPivot"]
transform = Transform3D(1, -3.48787e-16, 3.48787e-16, 3.48787e-16, 1, -3.48787e-16, -3.48787e-16, 3.48787e-16, 1, 2.08165e-12, 2.08165e-12, 2.08165e-12)
fov = 44.9
